0 547 72 335 //removed 9
55 387 149 529 // removed 1, 2 , 8, 5
224 405 117 467 //removed 8, 4, 3
224 404 121 462 //removed 7, 4, 3
686 409 121 458 //kept 6 // removed 6 //printed // ok
687 403 121 474
51 397 162 510 //kept 8 //removed 1, 2, 5 //printed
47 387 182 529 //removed 1, 2, 5
0 546 72 339 //removed 5
0 540 80 351 //kept 9 //printed // ok
55 392 179 524 //removed 1, 2
222 407 121 455 //kept 4 //removed 4, 3  //printed
222 408 121 448 //removed 4, 3
671 381 138 501
672 385 137 493
54 390 190 522 //kept 2 //removed 1, 2 //printed
48 390 198 521 //removed 1, 2
670 385 139 495 //removed 3
0 549 72 323
0 549 76 328
54 392 181 523 //kept 5 //removed 1 2 // printed
222 407 121 454 //kept 3 // printed // ok 
222 409 121 446
672 377 137 505
672 387 137 490
54 390 189 521 //removed 1, 2
47 389 199 526 //removed 1, 2
670 385 139 494 /removed 2
0 548 73 325
0 548 77 329
-4 217 807 519
-4 220 810 551
-3 220 804 557 //kept 7 //printed // ok 
54 393 181 521 //removed  1
221 406 123 455
220 409 125 445
674 379 135 500
672 387 136 489
53 391 190 519 //kept 1 //removed 1 // printed // ok 
47 391 198 523 //removed 1
670 387 139 491 //removed 1
