0 547 72 335
55 387 149 529
224 405 117 467
224 404 121 462
686 409 121 458
687 403 121 474
51 397 162 510
47 387 182 529
0 546 72 339
0 540 80 351
55 392 179 524
222 407 121 455
222 408 121 448
671 381 138 501
672 385 137 493
54 390 190 522
48 390 198 521
670 385 139 495
0 549 72 323
0 549 76 328
54 392 181 523
222 407 121 454
222 409 121 446
672 377 137 505
672 387 137 490
54 390 189 521
47 389 199 526
670 385 139 494
0 548 73 325
0 548 77 329
-4 217 807 519
-4 220 810 551
-3 220 804 557
54 393 181 521
221 406 123 455
220 409 125 445
674 379 135 500
672 387 136 489
53 391 190 519
47 391 198 523
670 387 139 491
